5.1 7134.28
5.10201 7131.38
5.10401 7128.73
5.10602 7126.37
5.10803 7124.35
5.11003 7122.74
5.11204 7121.58
5.11405 7120.92
5.11605 7120.82
5.11806 7121.32
5.12007 7122.49
5.12207 7124.38
5.12408 7127.03
5.12609 7130.5
5.12809 7134.8
5.1301 7139.91
5.13211 7145.82
5.13411 7152.51
5.13612 7159.95
5.13813 7168.13
5.14013 7177.02
5.14214 7186.61
5.14415 7196.88
5.14615 7207.81
5.14816 7219.38
5.15017 7231.57
5.15217 7244.36
5.15418 7257.74
5.15619 7271.67
5.15819 7286.15
5.1602 7301.16
5.16221 7316.66
5.16421 7332.66
5.16622 7349.12
5.16823 7366.02
5.17023 7383.36
5.17224 7401.1
5.17425 7419.23
5.17625 7437.73
5.17826 7456.58
5.18027 7475.76
5.18227 7495.25
5.18428 7515.03
5.18629 7535.09
5.18829 7555.4
5.1903 7575.94
5.19231 7596.7
5.19431 7617.66
5.19632 7638.79
5.19833 7660.07
5.20033 7681.5
5.20234 7703.04
5.20435 7724.68
5.20635 7746.4
5.20836 7768.18
5.21037 7790.01
5.21237 7811.85
5.21438 7833.69
5.21639 7855.52
5.21839 7877.31
5.2204 7899.05
5.22241 7920.71
5.22441 7942.28
5.22642 7963.73
5.22843 7985.05
5.23043 8006.22
5.23244 8027.21
5.23445 8048.02
5.23645 8068.61
5.23846 8088.98
5.24047 8109.09
5.24247 8128.94
5.24448 8148.5
5.24649 8167.75
5.24849 8186.68
5.2505 8205.26
5.25251 8223.48
5.25452 8241.35
5.25652 8258.88
5.25853 8276.07
5.26054 8292.92
5.26254 8309.45
5.26455 8325.66
5.26656 8341.56
5.26856 8357.15
5.27057 8372.44
5.27258 8387.43
5.27458 8402.14
5.27659 8416.57
5.2786 8430.73
5.2806 8444.62
5.28261 8458.24
5.28462 8471.62
5.28662 8484.74
5.28863 8497.63
5.29064 8510.28
5.29264 8522.7
5.29465 8534.9
5.29666 8546.88
5.29866 8558.66
5.30067 8570.23
5.30268 8581.61
5.30468 8592.8
5.30669 8603.81
5.3087 8614.64
5.3107 8625.3
5.31271 8635.8
5.31472 8646.14
5.31672 8656.33
5.31873 8666.38
5.32074 8676.29
5.32274 8686.07
5.32475 8695.73
5.32676 8705.27
5.32876 8714.7
5.33077 8724.02
5.33278 8733.25
5.33478 8742.38
5.33679 8751.43
5.3388 8760.4
5.3408 8769.31
5.34281 8778.14
5.34482 8786.92
5.34682 8795.64
5.34883 8804.32
5.35084 8812.96
5.35284 8821.57
5.35485 8830.15
5.35686 8838.71
5.35886 8847.25
5.36087 8855.8
5.36288 8864.34
5.36488 8872.88
5.36689 8881.44
5.3689 8890.02
5.3709 8898.63
5.37291 8907.27
5.37492 8915.95
5.37692 8924.67
5.37893 8933.44
5.38094 8942.26
5.38294 8951.13
5.38495 8960.06
5.38696 8969.04
5.38896 8978.08
5.39097 8987.18
5.39298 8996.34
5.39498 9005.57
5.39699 9014.86
5.399 9024.23
5.401 9033.66
5.40301 9043.16
5.40502 9052.74
5.40702 9062.4
5.40903 9072.14
5.41104 9081.95
5.41304 9091.85
5.41505 9101.84
5.41706 9111.91
5.41906 9122.07
5.42107 9132.33
5.42308 9142.67
5.42508 9153.11
5.42709 9163.65
5.4291 9174.29
5.4311 9185.03
5.43311 9195.88
5.43512 9206.83
5.43712 9217.89
5.43913 9229.05
5.44114 9240.33
5.44314 9251.73
5.44515 9263.24
5.44716 9274.87
5.44916 9286.62
5.45117 9298.49
5.45318 9310.48
5.45518 9322.6
5.45719 9334.86
5.4592 9347.24
5.4612 9359.75
5.46321 9372.4
5.46522 9385.19
5.46722 9398.11
5.46923 9411.18
5.47124 9424.39
5.47324 9437.74
5.47525 9451.24
5.47726 9464.9
5.47926 9478.7
5.48127 9492.65
5.48328 9506.77
5.48528 9521.04
5.48729 9535.46
5.4893 9550.05
5.4913 9564.81
5.49331 9579.73
5.49532 9594.82
5.49732 9610.08
5.49933 9625.51
5.50134 9641.11
5.50334 9656.89
5.50535 9672.83
5.50736 9688.93
5.50936 9705.18
5.51137 9721.57
5.51338 9738.11
5.51538 9754.78
5.51739 9771.58
5.5194 9788.5
5.5214 9805.53
5.52341 9822.68
5.52542 9839.93
5.52742 9857.27
5.52943 9874.71
5.53144 9892.23
5.53344 9909.82
5.53545 9927.49
5.53746 9945.23
5.53946 9963.03
5.54147 9980.88
5.54348 9998.78
5.54548 10016.7
5.54749 10034.7
5.5495 10052.7
5.55151 10070.7
5.55351 10088.8
5.55552 10106.8
5.55753 10124.9
5.55953 10142.9
5.56154 10161
5.56355 10179
5.56555 10197
5.56756 10215
5.56957 10233
5.57157 10250.9
5.57358 10268.8
5.57559 10286.6
5.57759 10304.4
5.5796 10322.1
5.58161 10339.7
5.58361 10357.3
5.58562 10374.7
5.58763 10392.1
5.58963 10409.4
5.59164 10426.6
5.59365 10443.7
5.59565 10460.7
5.59766 10477.5
5.59967 10494.3
5.60167 10510.9
5.60368 10527.3
5.60569 10543.6
5.60769 10559.8
5.6097 10575.8
5.61171 10591.7
5.61371 10607.4
5.61572 10622.9
5.61773 10638.2
5.61973 10653.3
5.62174 10668.3
5.62375 10683
5.62575 10697.6
5.62776 10711.9
5.62977 10726.1
5.63177 10740.1
5.63378 10753.8
5.63579 10767.4
5.63779 10780.9
5.6398 10794.2
5.64181 10807.4
5.64381 10820.4
5.64582 10833.3
5.64783 10846.1
5.64983 10858.8
5.65184 10871.4
5.65385 10883.9
5.65585 10896.3
5.65786 10908.7
5.65987 10921
5.66187 10933.2
5.66388 10945.4
5.66589 10957.6
5.66789 10969.8
5.6699 10981.9
5.67191 10994
5.67391 11006.2
5.67592 11018.3
5.67793 11030.5
5.67993 11042.7
5.68194 11055
5.68395 11067.3
5.68595 11079.6
5.68796 11092.1
5.68997 11104.6
5.69197 11117.2
5.69398 11129.8
5.69599 11142.6
5.69799 11155.5
5.7 11168.6
